673161010421000130471600000053
0001151401042101522273731690000614450058908051
0001151401042101522184731690000218050096908161
0001151401042110930620731620000172701927914797
0001151401042110930538731640000271701965916191
0001151401042110930613731620000623301982918151
0001151401042110930601731600000391701918918333
0001151401042110930622731610000292001900920015
0001151401042110930610731690000023101987922970
0001151401042110930609731660000023101981923215
0001151401042101522369731600000218050093923662
0001151401042110930624731600000621601955925470
0001151401042110930625731650000622801906925644
0001151401042110930611731630000101701923926828
0001151401042110930623731660000176601959927225
0001151401042110930279731690000134101940927850
0001151401042110930236731600000327501925928288
0001151401042110930315731670000550501988929391
0001151401042110930237731650000208401962929675
0001151401042101522299731630003500050059930431
0001151401042101522288731650007872250040930620
0001151401042110930517731620018041101900930993
0001151401042110930515731630008109601917931218
0001151401042110930569731600001205801910931835
0001151401042110930565731610000015701960932066
0001151401042100152237731650000218050097932457
0001151401042101522376731600000218050098932628
0001151401042110930628731690000237001904936180
0001151401042110930612731680001560301984936485
0001151401042110930606731620000530401958938054
0001151401042110930207731640000277101908938635
0001151401042110930205731650000328501975939008
0001151401042110930206731600000335701985939213
0001151401042101522370731630050000050049939401
0001151401042110930593731630000563901979939616
0001151401042110930592731690000313901923939805
0001151401042110930539731690011368801910943595
0001151401042101522378731600000218050092944377
0001151401042110930627731640000936701912951606
0001151401042101521889731610000787350072956087
0001151401042101521888731670000231450060956236
0001151401042101522338731650000130850052957112
0001151401042110930632731650000763501919957924
0001151401042110930586731630000566201922960360
0001151401042101522361731640000372550098960560
0001151401042101522360731600000372550095960730
0001151401042101522353731600000436650060960897
0001151401042101522354731640000718650022961066
0001151401042101522383731600001059150044961098
0001151401042101522384731650011726250098966142
0001151401042110930242731660000001901955968220
0001151401042110930631731600000308901918968521
0001151401042110930635731690001325301905968638
0001151401042101522389731680000228950010970211
