6731611402072000000000000000522474000000000030
000115141402072001529750731600000111050092224973
000115141402072001529751731640000181650073298161
000115141402072001530871731600000344850038970610
000115141402072001531268731670000648050020951983
000115141402072001531398731660022629550046886104
000115141402072001531400731650000131350026782117
000115141402072001531416731660002583050005766260
000115141402072001531417731600001471550002317789
000115141402072001531418731650001471550006888135
000115141402072001531419731600002441650010057370
000115141402072001531420731620002441650019117759
000115141402072001531421731670002441650012984517
000115141402072001531422731610002441650016464893
000115141402072001531423731660000763050053618361
000115141402072001531424731600000763050052531592
000115141402072001531425731650002441650017383094
000115141402072001531426731600002040450030127226
000115141402072001531427731640000283450031548997
000115141402072001531428731690000510150022781233
000115141402072001531429731630000109050014438014
000115141402072001531431731600000627850040838482
000115141402072001531432731650000927050052680119
000115141402072001531434731640000109050010514549
000115141402072001531441731640000487850003965668
000115141402072010940261731650001333202966013116
000115141402072010940442731690000581502906917392
000115141402072010941510731640000757002969350039
000115141402072010941511731690000424202986958792
000115141402072010941514731620000311202928302251
000115141402072010941517731660000439602969974950
